0 140 451 283 366 781 116 182 482 1059 423 188 338 
1 138 436 334 390 144 462 275 266 792 143 208 455 1042 426 230 353 
2 138 436 334 390 143 462 278 266 822 148 146 434 1061 427 188 334 
3 139 438 332 388 143 463 278 263 836 152 137 424 1060 429 186 333 
4 139 452 284 367 846 153 137 430 149 458 326 255 1061 431 187 328 
5 847 153 147 421 148 457 327 261 1062 434 187 326 
6 149 459 322 259 853 140 148 436 1062 435 186 324 
7 148 459 322 263 1062 435 187 323 864 126 139 454 
8 147 461 321 261 1058 436 186 323 867 131 143 441 
9 1058 438 184 320 875 121 141 438 146 459 325 266 
10 882 113 134 445 1059 439 184 318 145 460 323 268 
11 1059 440 185 316 146 460 322 267 879 117 144 439 
12 147 459 320 267 1058 439 186 319 896 124 139 429 
13 148 460 316 266 1060 438 186 318 898 108 146 449 
14 148 460 317 266 1060 439 185 318 900 114 149 436 
15 148 460 317 265 1060 439 186 318 908 122 144 413 
16 148 459 317 265 1061 440 185 316 913 132 143 396 
17 149 459 316 265 1061 439 184 317 918 129 141 405 
18 148 459 318 265 1062 439 185 316 922 127 142 416 
19 147 459 321 267 1063 438 182 318 925 124 140 424 
20 145 460 325 266 1062 438 183 318 927 131 141 415 
21 145 458 325 268 1063 437 184 317 929 133 136 412 
22 941 134 122 406 145 459 326 268 1062 436 184 318 
23 944 145 122 387 144 460 326 268 1063 435 183 322 
24 947 150 117 381 146 460 321 267 1065 435 182 324 
25 952 136 110 334 147 459 321 267 1066 436 184 322 
26 960 144 108 308 147 460 321 265 1067 435 183 324 
27 146 460 322 265 1066 435 182 324 
28 146 459 322 266 1066 435 183 325 
29 146 459 321 264 1064 436 185 322 
30 147 459 319 260 1065 436 186 321 
31 147 458 319 261 1064 437 186 320 
32 147 459 319 260 1064 437 186 320 
33 146 458 320 262 1063 439 186 318 
34 147 459 318 260 1062 438 187 318 
35 148 458 316 261 1062 437 187 319 
36 148 459 316 261 1062 437 188 320 
37 148 459 316 262 1061 437 189 321 
38 148 459 315 262 1059 438 190 320 
39 148 459 316 264 1059 438 192 318 
40 148 458 316 269 1059 438 192 317 
41 149 458 315 270 1059 438 192 318 
42 149 457 314 271 1058 438 193 318 
43 149 456 315 273 1058 437 193 320 
44 149 456 314 275 1057 437 192 321 
45 149 456 312 273 1057 437 192 322 
46 149 457 317 269 1057 437 192 321 
47 149 456 317 267 1058 437 191 321 
48 149 457 317 266 1058 438 191 320 
49 148 457 318 269 1058 438 191 320 
50 150 456 317 273 1058 438 194 319 
51 149 457 317 273 1057 438 194 317 
52 149 457 317 270 1057 438 193 318 
53 148 456 317 272 1057 440 192 314 
54 148 456 317 273 1057 439 192 315 
55 148 455 317 274 1057 440 193 315 
56 148 455 317 274 1057 441 192 313 
57 148 455 316 273 1057 441 192 313 
58 148 455 317 272 1057 441 191 314 
59 149 455 316 271 1057 442 191 312 
60 150 454 316 271 1056 442 191 312 
61 150 454 316 272 1055 442 191 311 
62 149 454 316 275 1041 441 234 369 
63 148 453 316 277 1042 442 235 368 
64 148 453 318 277 1056 441 189 313 
65 148 453 317 278 1056 441 187 312 
66 148 454 318 278 1056 441 186 311 
67 149 454 317 276 1055 441 187 313 
68 148 454 320 275 1054 442 189 314 
69 147 454 321 277 1055 443 190 313 
70 147 453 322 278 1055 443 189 314 
71 147 453 321 278 1055 444 187 313 
72 148 454 320 278 1054 444 188 313 
73 147 453 321 276 1055 445 188 311 
74 147 453 321 277 1055 445 188 310 
75 147 453 321 275 1040 445 233 365 
76 148 452 321 277 1055 446 189 310 
77 148 452 320 275 1055 446 189 310 
78 149 453 318 276 1055 446 189 309 
79 148 453 318 276 1055 446 189 310 
80 148 453 319 277 1055 446 189 309 
81 149 453 319 278 1055 445 190 311 
82 148 454 319 278 1055 445 191 311 
83 147 455 321 276 1055 443 191 313 
84 147 457 321 274 1056 443 190 313 
85 146 456 323 275 1056 444 191 312 
86 145 458 324 272 1056 444 190 313 
87 144 459 325 272 1056 444 190 312 
88 144 460 324 271 1056 444 190 313 
89 145 460 324 271 1056 444 190 312 
90 144 461 324 269 1056 444 189 313 
91 144 461 324 269 1056 443 189 313 
92 144 461 323 269 1057 443 188 313 
93 145 461 322 267 1057 444 187 313 
94 146 461 320 269 1056 445 187 312 
95 147 463 320 266 1056 445 187 311 
96 147 462 318 269 1056 445 186 311 
97 146 461 318 270 1055 445 186 311 
98 147 462 317 267 1055 444 187 311 
99 147 462 317 266 1056 444 187 311 
100 146 459 320 266 1059 444 187 312 
101 146 459 321 267 1058 443 187 312 
102 146 459 319 267 1058 444 187 312 
103 146 459 319 265 1058 444 187 312 
104 146 460 321 265 1057 445 187 311 
105 146 461 321 262 1057 444 188 312 
106 146 461 321 261 1058 444 187 312 
107 146 462 322 260 1058 444 188 312 
108 146 462 322 259 1058 444 188 313 
109 146 462 323 259 1058 443 187 314 
110 144 462 327 261 1058 443 187 314 
111 145 461 326 261 1058 443 187 313 
112 144 461 327 262 1058 443 187 313 
113 145 461 325 262 1058 443 187 313 
114 145 460 324 263 1058 442 186 314 
115 145 460 323 263 1058 442 187 314 
116 144 460 326 260 1058 443 187 313 
117 144 460 327 261 1058 443 187 313 
118 144 460 329 261 1058 442 186 313 
119 143 459 331 263 1057 442 186 314 
120 142 459 332 262 1057 442 186 314 
121 143 459 331 263 1058 442 186 313 
122 142 459 333 264 1057 442 186 313 
123 143 459 331 263 1057 442 186 313 
124 143 459 331 264 1057 442 187 314 
125 143 458 331 265 1057 442 187 314 
126 144 459 329 265 1057 442 188 314 
127 145 461 328 263 1057 442 188 314 
128 146 462 327 261 1056 442 187 314 
129 146 462 325 261 1057 441 187 314 
130 147 462 324 261 1057 441 187 315 
131 147 462 324 261 1057 440 188 316 
132 147 462 324 262 1056 440 187 316 
133 148 462 323 261 1056 440 187 316 
134 148 462 323 261 1056 441 187 315 
135 147 462 324 261 1056 440 188 317 
136 146 461 326 262 1056 439 188 317 
137 145 461 327 265 1056 439 188 319 
138 144 460 328 265 1056 439 187 319 
139 144 460 328 265 1056 439 188 319 
140 144 461 328 264 1056 440 188 318 
141 145 461 327 265 1057 440 187 317 
142 145 460 327 265 1056 440 187 318 
143 145 461 327 265 1056 440 188 317 
144 145 461 328 263 1056 440 187 316 
145 144 460 329 263 1056 441 187 317 
146 144 460 328 264 1056 441 188 317 
147 144 460 329 265 1054 441 189 316 
148 144 460 329 267 1054 441 189 316 
149 144 460 330 266 1054 441 190 315 
150 144 459 334 267 1056 444 192 310 
151 145 456 334 271 1056 444 192 310 
152 144 456 332 272 1058 443 192 312 
153 146 457 328 266 1059 443 192 312 
154 148 456 320 267 1059 442 191 313 
155 145 460 279 270 1059 441 191 315 
156 146 458 276 273 1059 441 191 315 
157 146 458 276 273 1059 441 191 314 
158 147 458 275 270 1060 441 191 314 
159 146 459 275 268 1059 441 191 314 
160 147 459 274 269 1060 440 191 315 
161 147 458 274 269 1059 440 190 315 
162 147 458 275 270 1059 440 191 314 
163 147 458 274 270 1059 440 190 313 
164 146 457 275 271 1060 441 190 313 
165 147 456 274 273 1060 440 190 315 
166 147 456 275 272 1060 441 189 314 
167 146 456 276 273 1060 441 190 314 
168 147 456 274 272 1059 440 190 314 
169 147 456 274 274 1058 440 190 315 
170 147 456 272 274 1057 440 191 315 
171 147 456 271 274 1056 440 191 314 
172 147 455 272 274 1053 439 192 313 
173 151 451 318 273 1053 438 192 314 
174 150 451 320 274 1052 438 192 313 
175 150 453 323 267 1051 439 192 313 
176 147 457 270 270 1050 438 191 313 
177 148 457 268 269 1051 439 191 312 
178 149 458 266 265 1052 439 192 313 
179 147 458 269 267 1052 439 193 313 
180 147 459 269 266 1051 438 192 314 
181 147 456 272 271 1052 439 192 313 
182 146 455 272 273 1053 439 193 313 
183 146 455 274 273 1054 439 193 312 
184 150 452 319 269 1053 439 193 311 
185 150 452 320 269 1054 440 194 311 
186 149 452 321 268 1053 440 194 311 
187 150 452 321 271 1053 439 194 311 
188 149 452 321 271 1053 440 194 311 
189 149 452 320 272 1053 439 194 311 
190 149 452 320 272 1036 436 240 373 
191 150 452 319 271 1052 439 193 313 
192 149 453 321 270 1051 439 193 312 
193 147 456 273 271 1052 440 194 311 
194 148 453 323 269 1053 440 194 310 
195 149 453 323 270 1053 440 194 312 
196 148 453 323 270 1053 440 193 312 
197 149 454 322 270 1053 440 193 312 
198 149 454 322 270 1053 440 192 313 
199 149 454 321 269 1054 440 193 313 
200 150 453 320 271 1058 437 192 318 
201 150 453 319 269 1059 438 191 317 
202 150 453 319 270 1058 439 191 316 
203 150 453 320 269 1059 438 191 317 
204 150 453 320 270 1058 438 191 317 
205 150 453 320 269 1058 439 191 316 
206 150 453 319 271 1058 438 191 317 
207 147 456 273 271 1058 438 190 316 
208 150 453 318 271 1057 440 191 313 
209 150 453 318 271 1057 439 191 314 
210 149 453 320 269 1057 439 191 315 
211 149 452 322 267 1057 440 192 314 
212 149 453 323 265 1057 440 191 313 
213 149 454 323 260 1058 441 192 312 
214 147 454 331 259 1057 441 191 313 
215 144 455 336 255 1058 441 191 313 
216 134 448 288 366 143 454 339 253 1058 441 192 313 
217 139 454 349 246 1058 441 191 313 
218 85 427 381 333 134 460 290 260 1058 441 191 312 
219 130 458 298 262 1058 441 192 312 
220 130 456 294 256 1058 441 192 312 
221 1058 442 192 311 129 455 293 255 
222 1058 441 192 312 128 453 292 254 
223 1058 441 192 313 128 447 289 259 
224 1057 441 191 314 126 439 286 271 
225 1057 441 191 313 117 433 293 280 
226 114 436 284 276 1057 441 191 313 
227 106 434 289 279 1057 442 192 313 
228 105 431 290 284 1058 441 192 314 
229 103 431 292 280 1058 442 191 314 
230 101 431 293 279 1058 441 192 314 
231 101 430 295 281 1059 442 192 313 
232 101 408 290 384 1059 442 192 313 
233 102 431 288 284 1059 442 192 313 
234 103 433 288 281 1059 442 191 313 
235 101 435 290 280 1059 442 192 312 
236 100 435 292 279 1059 442 192 312 
237 100 436 289 283 1059 443 192 312 
238 99 439 295 275 1059 443 193 311 
239 74 414 367 353 101 440 290 267 1059 444 193 310 
240 100 440 293 268 1059 443 193 312 
241 92 440 298 262 1059 443 193 312 
242 89 441 300 262 1059 443 193 312 
243 88 437 302 268 1059 443 194 312 
244 92 437 290 274 1059 444 194 312 
245 62 434 273 407 87 443 299 272 1059 444 193 312 
246 66 447 262 275 1059 444 193 312 
247 62 446 272 275 1059 444 192 312 
248 59 447 278 274 1059 444 192 313 
249 58 446 275 270 1059 444 191 313 
250 52 449 277 267 1062 442 191 313 
251 54 450 276 264 1062 442 191 314 
252 52 451 282 265 1062 442 190 314 
253 49 452 279 264 1062 442 190 314 
254 48 452 287 270 1062 441 189 315 
255 45 451 292 276 1062 441 189 315 
256 45 452 290 273 1062 441 190 316 
257 46 452 295 276 1062 441 189 316 
258 45 452 298 278 1062 441 189 316 
259 44 454 302 277 1061 441 190 315 
260 44 454 299 277 1058 441 190 314 
261 45 455 295 272 1055 442 191 312 
262 1056 442 192 311 47 455 289 268 
263 51 455 283 265 1043 441 232 370 
264 53 454 281 264 1045 441 231 370 
265 58 454 277 268 1043 441 230 370 
266 61 454 273 267 1056 442 190 314 
267 63 453 268 271 1056 442 191 315 
268 73 452 261 268 1056 442 191 314 
269 76 450 260 273 1056 441 191 316 
270 74 430 252 407 101 445 270 276 1057 441 191 316 
271 81 430 241 406 106 442 258 277 1058 440 191 318 
272 82 428 241 415 106 443 263 272 1057 439 191 319 
273 88 429 234 413 106 440 261 273 1059 439 191 319 
274 108 439 263 270 1060 439 191 319 
275 111 438 258 271 1060 439 191 318 
276 115 441 259 273 1059 439 190 318 
277 115 439 261 275 1058 438 191 321 
278 116 437 260 275 1058 438 191 320 
279 117 439 256 274 1058 438 191 321 
280 118 442 256 271 1058 438 191 320 
281 119 443 255 269 1057 439 191 319 
282 119 444 257 265 1058 438 190 320 
283 119 446 254 264 1060 438 189 321 
284 120 444 253 264 1061 439 190 320 
285 120 443 253 263 1061 438 189 321 
286 122 442 255 261 1061 439 189 320 
287 133 431 192 294 1061 439 188 320 
288 134 432 190 297 1062 439 188 319 
289 135 433 188 298 1062 439 188 320 
290 136 432 186 298 1061 439 189 320 
291 136 434 185 298 1062 440 189 320 
292 136 435 186 297 1061 439 190 320 
293 137 435 186 296 1062 440 189 319 
294 137 436 186 296 1061 439 190 320 
295 137 436 187 296 1059 437 191 321 
296 137 436 187 297 1060 437 192 321 
297 137 436 186 298 1057 439 192 320 
298 137 435 186 300 1039 437 236 372 
299 136 435 186 302 1049 438 190 321 
300 136 438 189 298 1051 439 190 318 
301 137 438 188 298 1054 439 194 317 
302 137 436 187 294 1040 436 239 374 
303 136 436 188 296 1051 438 191 318 
304 136 435 189 296 1047 441 190 316 
305 136 434 189 299 1034 438 243 372 
306 136 434 189 300 1047 439 191 318 
307 135 434 191 301 1046 439 191 318 
308 134 436 192 299 1049 440 189 317 
309 134 435 193 300 1050 441 189 316 
310 134 437 193 298 1055 440 188 318 
311 123 448 256 264 1056 442 188 312 
312 133 437 194 300 1059 443 186 311 
313 121 447 256 267 1060 443 186 312 
314 120 447 256 266 1063 442 186 313 
315 120 446 256 265 1063 442 187 313 
316 118 444 254 270 1062 442 187 313 
317 118 442 253 271 1062 442 187 314 
318 114 431 190 304 1063 442 187 313 
319 114 430 190 305 1062 443 186 311 
320 113 431 192 304 1061 443 186 312 
321 113 432 190 304 1062 443 186 312 
322 112 432 191 307 1062 443 186 313 
323 110 432 194 309 1062 443 186 314 
324 110 432 196 307 1062 442 186 314 
325 109 434 194 302 1062 443 187 314 
326 109 435 194 302 1062 442 187 315 
327 110 434 193 305 1062 442 187 315 
328 109 434 194 306 1061 441 187 317 
329 1061 441 187 317 109 434 195 305 
330 1062 440 187 318 109 433 194 305 
331 1061 439 188 318 110 435 196 308 
332 1061 438 188 320 110 435 196 302 
333 1061 437 188 321 111 436 198 299 
334 111 435 196 301 1061 438 188 320 
335 111 437 194 302 1060 437 188 321 
336 111 438 193 300 1060 437 188 321 
337 111 438 193 299 1060 438 188 320 
338 114 439 189 297 1060 438 188 319 
339 115 439 187 297 1060 438 188 319 
340 117 440 185 294 1060 438 188 318 
341 118 441 185 293 1060 438 188 319 
342 118 442 186 289 1059 438 188 320 
343 119 442 185 285 1059 438 188 319 
344 119 443 184 285 1059 438 188 320 
345 120 444 183 285 1059 438 187 320 
346 120 446 182 285 1060 437 187 321 
347 120 446 183 287 1060 437 187 321 
348 120 446 183 286 1060 437 187 321 
349 119 445 183 285 1059 438 188 320 
350 118 444 186 292 1060 441 189 312 
351 117 441 188 294 1060 442 188 312 
352 116 440 190 294 1060 440 188 313 
353 113 437 191 295 1060 440 188 314 
354 112 435 191 294 1060 439 187 317 
355 112 433 189 294 1059 440 187 315 
356 110 431 189 293 1059 441 187 314 
357 109 431 189 296 1059 441 187 315 
358 106 431 192 299 1060 441 187 314 
359 104 432 194 298 1060 442 188 313 
360 103 436 196 294 1061 441 189 314 
361 69 441 249 279 1062 440 189 316 
362 65 444 249 282 1061 440 190 316 
363 61 446 252 280 1061 441 189 316 
364 55 446 253 282 1061 441 190 316 
365 51 450 256 276 1061 441 190 316 
366 45 449 258 272 1062 441 190 316 
367 42 449 263 266 1062 440 190 316 
368 43 447 277 271 1061 440 190 316 
369 46 447 293 280 1061 440 190 316 
370 45 450 292 273 1062 440 189 315 
371 41 451 299 272 1062 440 188 315 
372 48 419 377 349 39 454 305 266 1061 440 188 316 
373 41 451 291 271 1061 439 188 318 
374 37 449 282 271 1061 438 189 319 
375 45 447 272 271 1060 438 189 320 
376 47 442 277 270 1060 437 189 322 
377 45 446 282 266 1060 436 189 323 
378 46 450 283 265 1061 435 188 325 
379 48 451 280 263 1062 435 189 325 
380 49 451 278 261 1062 435 189 325 
381 49 453 274 258 1062 435 189 326 
382 45 414 368 354 46 455 283 262 1062 435 188 325 
383 50 416 367 354 43 453 291 264 1062 435 187 326 
384 82 452 311 248 43 416 385 357 1062 435 187 326 
385 48 417 378 358 1062 435 188 326 
386 44 413 377 360 1062 435 187 326 
387 50 413 348 357 38 450 297 267 1062 436 187 325 
388 49 413 350 357 39 451 295 267 1063 436 187 324 
389 39 452 298 267 1063 438 188 321 
390 36 453 307 266 1062 439 188 321 
391 45 414 373 358 37 453 310 267 1062 439 188 320 
392 38 454 310 267 46 413 378 361 1063 439 187 320 
393 38 454 307 266 43 414 377 360 1063 439 188 320 
394 46 415 364 357 38 454 301 266 1063 439 188 320 
395 46 415 357 356 39 455 299 266 1063 439 187 320 
396 38 455 299 267 1064 440 187 320 
397 39 455 298 268 1064 440 187 320 
398 39 455 297 268 1063 440 188 320 
399 39 454 298 269 1063 440 188 320 
400 39 456 299 268 1063 441 188 318 
401 41 456 298 268 1063 441 188 319 
402 39 454 302 269 1063 440 188 319 
403 39 455 302 269 1063 440 188 320 
404 43 456 297 269 1063 440 188 320 
405 44 456 295 267 1063 440 188 321 
406 45 456 295 267 1063 440 189 320 
407 44 454 296 268 1063 439 189 322 
408 44 450 297 271 1064 439 188 323 
409 44 449 297 273 1064 438 187 322 
410 45 448 296 272 1064 438 186 322 
411 46 447 295 272 1062 437 189 322 
412 47 448 294 271 1062 433 190 326 
413 48 448 292 271 1062 433 192 325 
414 49 449 291 270 1063 432 193 326 
415 49 449 291 270 1045 434 238 376 
416 47 448 292 270 1043 435 240 372 
417 47 449 293 270 1043 436 241 372 
418 47 449 294 271 1041 435 249 372 
419 47 450 294 270 1039 434 251 339 
420 47 449 293 269 1040 433 251 339 
421 47 450 293 270 1042 436 253 371 
422 47 449 293 270 1040 437 255 368 
423 45 449 294 270 1037 433 256 341 
424 46 449 295 270 1040 433 258 340 
425 45 449 295 270 1037 433 266 340 
426 45 449 295 271 1036 432 267 341 
427 45 449 296 271 1036 427 270 345 
428 45 450 295 271 1036 426 271 346 
429 44 449 296 271 1034 428 274 344 
430 43 449 297 271 1033 429 274 344 
431 43 449 297 271 1033 428 273 347 
432 43 449 296 271 1032 429 275 346 
433 43 449 297 272 1032 431 276 344 
434 42 448 298 273 1034 431 273 344 
435 42 448 299 273 1036 430 271 343 
436 41 448 298 273 1037 428 271 345 
437 41 448 299 273 1037 431 272 342 
438 41 448 299 273 1037 432 275 341 
439 41 448 299 273 1036 432 279 341 
440 41 447 300 273 1037 431 276 340 
441 41 447 299 273 1036 431 279 340 
442 41 447 300 273 1036 430 280 342 
443 41 447 300 273 1036 431 278 339 
444 41 447 301 273 1036 432 281 337 
445 41 447 301 273 1036 432 281 337 
446 40 447 301 273 1036 431 281 337 
447 41 447 300 273 1036 432 282 336 
448 40 447 301 273 1035 432 284 336 
449 40 447 301 274 1035 432 283 335 
450 40 449 301 275 1036 434 282 331 
451 40 449 302 274 1036 434 282 331 
452 40 449 301 274 1036 433 282 332 
453 40 449 302 275 1036 433 282 331 
454 43 451 299 272 1037 432 280 333 
455 40 446 300 275 1036 432 280 333 
456 41 445 299 274 1036 433 282 331 
457 40 445 300 274 1036 432 282 332 
458 39 446 301 274 1035 431 282 334 
459 41 445 299 273 1035 430 282 335 
460 40 445 300 274 1036 429 282 337 
461 42 445 299 274 1036 428 281 338 
462 42 446 298 274 1036 429 281 336 
463 42 446 298 275 1035 428 282 337 
464 42 446 298 275 1036 428 281 338 
465 41 446 300 275 1035 428 281 338 
466 42 447 300 275 1036 428 279 338 
467 42 446 300 275 1037 428 277 339 
468 42 446 300 275 1039 427 274 339 
469 41 446 300 275 1038 428 275 338 
470 41 446 301 274 1040 428 273 339 
471 40 446 301 273 1040 427 273 340 
472 40 446 301 273 1039 424 275 346 
473 1062 421 268 350 41 446 301 273 
474 41 445 300 273 1062 422 267 350 
475 44 445 298 272 1063 420 266 352 
476 29 443 433 393 43 448 300 273 1064 422 266 353 
477 30 442 432 394 1064 420 265 355 43 448 300 273 
478 29 443 434 392 1062 419 265 360 43 447 300 273 
479 1029 427 292 394 44 447 300 272 
480 43 448 300 272 1029 430 292 390 
481 28 444 433 390 43 448 300 272 1029 431 290 388 
482 27 442 433 392 43 448 301 271 1032 432 284 387 
483 1035 433 279 392 42 447 301 271 
484 1032 436 282 389 42 447 301 271 
485 42 446 301 272 1031 438 283 384 
486 42 447 301 271 1025 442 291 380 
487 43 448 300 270 1017 435 299 393 
488 44 450 297 268 1011 418 305 430 
489 42 447 300 270 1010 413 305 441 
490 41 445 302 272 1012 410 303 445 
491 41 446 302 271 1012 410 302 444 
492 39 444 305 271 1010 410 304 446 
493 41 446 303 270 1010 411 304 447 
494 41 448 301 270 1011 413 302 445 
495 42 448 300 271 1011 414 300 444 
496 43 449 300 270 1012 416 298 438 
497 42 448 301 274 1013 418 295 435 
498 42 449 300 273 1013 420 296 432 
499 42 448 301 275 1013 420 294 431 
500 29 445 433 390 43 448 301 276 1015 425 293 428 
501 30 446 432 389 44 449 300 275 1014 421 293 432 
502 30 446 433 388 44 449 300 276 1017 427 287 423 
503 30 446 431 388 44 449 300 276 1015 427 290 425 
504 29 445 432 390 43 450 300 274 1015 425 289 430 
505 30 445 430 389 43 449 301 275 1011 419 295 435 
506 31 445 429 390 43 449 301 275 1011 419 287 432 
507 30 444 429 391 43 449 301 275 1016 423 283 414 
508 43 449 301 274 1021 430 278 396 
509 43 449 300 273 1033 436 262 378 
510 43 449 299 272 1035 439 260 370 
511 43 449 300 273 1041 441 253 360 
512 42 448 300 273 1040 427 250 347 
513 42 448 301 273 1045 422 247 348 
514 1049 421 242 349 41 448 302 273 
515 1070 422 193 326 42 448 301 273 
516 1113 429 181 314 42 449 300 272 
517 1048 420 244 355 42 449 300 273 
518 1045 421 247 353 43 449 300 272 
519 1045 421 248 353 43 449 300 272 
520 43 449 299 272 1044 422 249 353 
521 43 448 299 272 1042 423 251 349 
522 43 448 299 272 1041 424 250 347 
523 43 448 299 272 1041 424 252 347 
524 43 448 299 272 1041 422 251 351 
525 43 448 299 272 1041 422 251 351 
526 43 448 300 272 1041 422 252 352 
527 43 448 299 273 1041 425 252 345 
528 43 448 299 273 1042 427 251 343 
529 43 448 298 273 1041 430 255 338 
530 43 448 297 273 1039 431 261 338 
531 43 448 297 273 1040 431 262 340 
532 43 447 297 273 1042 430 260 340 
533 1043 428 261 342 43 447 297 274 
534 1044 424 261 346 42 447 298 274 
535 42 447 298 274 1042 428 264 342 
536 1041 429 267 342 42 446 299 274 
537 1041 430 266 341 41 447 299 274 
538 1041 442 263 300 41 446 300 275 
539 41 446 301 276 1043 443 258 303 
540 1033 442 284 366 40 445 302 276 
541 1032 442 287 367 40 446 303 276 
542 1030 440 291 370 40 445 303 277 
543 1030 440 291 372 40 444 303 277 
544 1029 440 293 373 39 444 304 277 
545 39 445 303 275 1029 440 294 374 
546 39 445 304 275 1029 440 294 373 
547 38 445 304 275 1027 439 297 376 
548 38 445 304 276 1027 439 298 375 
549 39 445 304 275 1028 440 295 372 
550 40 446 301 275 1028 439 296 374 
551 40 446 301 275 1028 437 295 374 
552 39 446 302 275 1026 436 298 378 
553 39 446 302 274 1026 435 299 378 
554 40 446 302 274 1029 437 292 374 
555 39 446 303 274 1029 439 291 373 
556 39 446 303 274 1028 437 293 378 
557 39 447 303 274 1028 437 294 378 
558 39 448 304 273 1028 438 293 375 
559 39 448 304 273 1028 438 294 372 
560 39 448 304 274 1028 437 294 374 
561 39 448 305 274 1027 438 296 373 
562 38 449 305 272 1027 438 297 373 
563 39 451 305 270 1027 437 297 374 
564 38 452 306 271 1028 437 296 372 
565 37 452 307 271 1028 438 296 371 
566 28 442 433 399 38 452 307 272 1028 437 296 376 
567 28 443 434 397 37 452 308 272 1027 437 298 376 
568 29 443 431 397 38 453 306 273 1026 437 299 377 
569 38 453 306 272 1026 437 299 376 
570 30 444 427 394 38 453 306 272 1026 437 299 376 
571 29 444 428 394 37 453 307 272 1027 436 298 377 
572 38 453 305 273 1026 436 299 377 
573 37 453 306 273 1026 436 298 377 
574 30 444 429 394 37 453 306 272 1026 436 299 378 
575 29 444 429 394 1026 436 300 378 37 454 308 273 
576 30 444 426 394 37 454 307 274 1026 436 300 379 
577 29 444 428 394 1026 435 300 379 37 454 307 274 
578 29 443 428 396 1026 435 299 380 37 453 307 274 
579 29 442 427 397 1026 435 299 381 37 453 307 274 
580 30 442 425 397 1026 435 299 381 37 453 306 275 
581 29 442 425 397 1026 435 299 381 37 453 307 275 
582 29 442 426 396 1026 435 299 380 37 453 306 276 
583 29 442 427 396 1026 435 299 381 37 453 306 276 
584 1026 435 299 381 37 454 306 275 
585 1026 435 299 380 37 453 307 276 
586 1026 435 299 380 37 453 306 276 
587 30 440 428 400 1026 435 300 380 36 453 307 277 
588 30 440 427 400 1026 434 300 382 36 453 307 277 
589 1026 434 300 382 36 453 307 276 
590 1026 434 300 384 36 453 307 276 
591 30 441 425 399 1026 434 300 383 36 454 308 275 
592 31 441 425 397 36 454 308 276 1025 434 301 381 
593 31 442 426 395 36 454 308 275 1025 434 301 382 
594 31 442 425 396 37 454 308 276 1025 434 301 382 
595 30 442 426 395 36 455 308 275 1025 434 301 382 
596 30 443 426 394 36 455 308 275 1025 434 302 383 
597 31 443 427 394 36 454 309 275 1025 434 301 381 
598 31 442 426 394 36 454 309 274 1025 434 302 383 
599 31 442 425 394 36 454 310 274 1025 434 301 383 
600 1054 430 280 352 37 456 307 272 
601 1054 431 279 351 37 456 307 273 
602 1025 434 303 385 37 456 306 273 
603 1024 435 303 383 37 456 306 272 
604 31 447 425 386 1024 435 303 382 37 456 307 272 
605 1024 435 303 383 38 456 305 271 
606 1024 434 304 384 39 457 303 271 
607 1024 434 303 384 38 457 304 271 
608 39 457 304 271 1025 434 303 384 
609 39 456 303 271 1025 434 303 383 
610 31 447 420 385 39 456 303 271 1025 434 303 383 
611 31 448 422 384 39 456 304 272 1025 434 302 383 
612 31 447 422 386 39 456 305 271 1025 434 302 384 
613 31 447 421 387 39 456 303 272 1025 434 303 384 
614 31 447 422 387 39 456 303 271 1025 435 302 382 
615 32 446 419 387 39 456 303 272 1025 435 302 381 
616 38 456 304 272 1025 434 302 381 
617 38 456 303 271 1025 434 301 380 
618 39 456 302 271 1026 435 300 379 
619 38 456 303 272 1026 435 300 380 
620 38 456 303 271 1026 435 300 380 
621 38 456 303 271 1026 435 300 380 
622 1026 435 300 381 38 456 303 271 
623 1026 434 300 381 38 456 304 271 
624 1026 435 300 381 38 456 304 271 
625 1025 434 301 382 39 456 303 271 
626 1025 435 301 381 38 456 304 271 
627 1025 435 301 382 38 456 304 271 
628 1025 435 301 381 38 456 302 271 
629 1026 435 301 381 38 457 303 270 
630 1026 435 301 380 38 457 303 271 
631 1026 435 301 380 38 457 303 270 
632 38 457 303 270 1026 435 301 380 
633 1026 436 301 380 38 457 303 270 
634 1025 436 302 379 38 457 303 271 
635 39 457 303 271 1026 436 301 379 
636 1026 436 301 379 38 457 304 269 
637 1025 436 302 379 39 457 304 270 
638 31 446 425 388 1025 435 302 379 38 456 305 272 
639 1025 435 303 379 38 456 305 271 
640 1025 435 303 380 38 456 303 271 
641 1025 435 303 380 39 456 303 271 
642 1025 435 302 380 39 455 301 271 
643 1025 435 302 379 39 455 299 272 
644 1025 435 302 379 38 455 302 271 
645 1025 435 302 379 37 455 303 271 
646 1025 435 302 380 37 456 304 271 
647 1025 434 302 381 37 455 305 271 
648 1025 434 303 381 38 455 304 271 
649 1025 434 303 381 37 456 304 270 
650 1026 433 300 384 36 456 308 271 
651 1025 434 301 382 36 457 308 268 
652 1025 434 301 382 36 458 308 267 
653 1025 434 301 381 36 458 307 267 
654 1026 434 300 382 36 459 307 267 
655 1026 434 301 383 38 458 304 268 
656 1026 433 300 383 38 458 305 268 
657 1025 433 302 385 37 458 305 268 
658 1026 433 300 386 38 458 305 268 
659 1026 433 300 386 38 459 304 267 
660 1025 433 300 387 38 458 304 266 
661 1026 433 299 386 38 458 304 266 
662 1026 433 299 387 38 459 305 265 
663 1026 433 299 387 38 459 305 265 
664 1026 434 300 385 38 459 305 265 
665 1026 434 300 385 38 459 304 265 
666 1026 434 299 385 39 459 304 265 
667 1026 434 299 384 39 459 304 265 
668 1027 434 299 383 39 459 304 265 
669 1027 434 298 383 39 459 305 264 
670 1026 435 299 382 39 459 304 263 
671 1026 434 300 381 39 459 304 263 
672 39 459 304 264 1026 434 299 381 
673 39 459 304 264 1026 435 300 380 
674 39 459 305 265 1026 436 300 376 
675 39 460 305 265 1026 437 299 374 
676 39 460 305 264 1031 433 290 342 
677 1031 430 289 346 39 460 304 263 
678 39 460 304 263 1028 436 294 377 
679 39 460 304 263 1027 435 297 379 
680 39 460 304 264 1028 436 297 376 
681 40 460 304 264 1028 437 295 374 
682 40 460 304 265 1028 436 297 375 
683 40 460 304 266 1028 437 296 375 
684 39 459 304 266 1027 436 298 377 
685 39 460 304 265 1027 435 298 379 
686 39 459 305 265 1028 435 297 378 
687 39 459 305 266 1028 435 297 380 
688 39 460 304 265 1027 436 298 378 
689 39 460 305 265 1027 436 298 377 
690 40 459 304 265 1028 436 297 378 
691 40 459 304 265 1027 436 297 378 
692 40 459 303 265 1028 436 297 378 
693 39 459 304 265 1027 435 297 379 
694 39 459 304 266 1028 436 297 378 
695 39 460 305 265 1027 436 298 378 
696 38 460 305 265 1027 436 298 377 
697 39 459 304 265 1027 435 298 379 
698 39 459 305 266 1027 436 298 378 
699 39 459 304 265 1027 436 298 378 
700 49 422 363 346 39 459 301 264 1026 436 300 376 
701 49 421 364 347 39 458 302 263 1025 436 301 376 
702 49 421 366 348 38 458 302 264 1026 436 300 377 
703 48 421 366 348 38 459 302 263 1026 436 300 376 
704 48 421 367 347 39 458 301 263 1026 436 300 376 
705 48 421 369 347 38 459 304 262 1026 436 300 376 
706 48 422 369 346 38 459 304 262 1025 436 300 377 
707 47 421 369 348 38 459 305 262 1025 437 301 375 
708 48 421 368 349 38 458 305 262 1026 438 300 371 
709 48 421 366 349 38 458 304 263 1029 432 294 341 
710 47 420 366 350 38 458 303 263 1032 433 288 339 
711 48 420 364 350 38 458 303 264 1031 435 290 337 
712 47 420 364 350 38 459 303 264 1032 435 288 337 
713 47 420 365 349 39 459 303 263 1032 436 287 336 
714 47 420 365 349 39 459 303 263 1032 434 287 339 
715 47 421 366 348 38 459 303 262 1034 434 284 340 
716 47 421 367 347 38 459 303 262 1034 434 283 340 
717 47 421 366 348 39 458 302 263 1034 434 285 341 
718 48 421 366 347 39 459 303 262 1033 434 285 340 
719 48 421 366 347 39 458 303 262 1027 437 296 372 
720 48 421 367 347 39 459 303 262 1033 434 285 339 
721 48 421 366 347 38 459 303 262 1034 434 284 339 
722 49 421 365 347 39 459 303 262 1033 435 285 337 
723 49 421 366 348 38 459 304 262 1033 435 286 338 
724 48 420 366 349 38 458 304 263 1024 437 303 374 
725 47 420 364 348 38 458 304 262 1025 437 301 371 
726 48 420 366 348 39 458 304 263 1027 437 298 371 
727 47 419 368 348 39 457 304 262 1027 436 298 375 
728 47 419 367 347 40 457 301 262 1027 437 298 371 
729 39 455 304 261 1027 438 298 370 
730 39 454 304 261 1027 437 298 370 
731 39 453 304 265 1026 438 300 371 
732 39 452 306 269 1026 438 300 370 
733 40 451 305 268 1026 438 300 370 
734 42 449 301 266 1026 438 300 370 
735 40 449 303 271 1027 438 299 370 
736 38 449 305 273 1027 438 298 370 
737 36 449 308 269 1027 438 298 370 
738 33 449 310 268 1027 438 298 369 
739 30 449 313 269 1027 438 297 369 
740 28 449 316 265 1027 438 298 367 
741 27 449 315 267 1026 437 299 370 
742 27 449 315 267 1035 438 281 335 
743 27 449 316 266 1036 438 279 334 
744 27 448 316 267 1038 434 275 341 
745 27 447 317 267 1038 433 276 341 
746 27 447 318 267 1040 433 271 342 
747 28 448 317 266 1038 431 274 344 
748 1038 431 274 342 29 449 314 264 
749 1038 431 273 344 29 448 316 266 
750 1034 431 282 343 32 412 365 358 
751 1035 431 281 344 31 412 368 358 
752 1037 432 278 342 28 452 320 268 
753 1038 433 274 342 26 451 322 270 
754 1038 431 275 344 31 413 367 358 
755 1038 431 276 343 31 413 365 358 
756 1038 430 277 345 31 413 364 358 
757 1027 433 298 383 31 412 366 358 
758 1061 428 267 353 31 412 364 359 
759 1037 430 278 346 31 412 365 359 
760 1036 429 281 347 31 413 367 358 
761 31 413 367 357 1035 430 281 346 
762 31 413 367 358 1036 429 279 347 
763 31 413 368 358 1037 430 278 346 
764 25 450 325 272 1028 435 295 378 
765 963 129 105 285 25 450 325 271 1028 434 295 379 
766 953 114 110 308 25 450 324 272 1028 434 295 379 
767 952 108 111 315 26 450 324 272 1028 434 297 378 
768 947 112 115 315 26 450 324 272 1028 435 297 376 
769 31 414 367 358 948 96 116 331 1027 435 298 376 
770 31 414 367 358 944 89 122 335 1027 435 299 376 
771 31 413 366 359 1027 435 299 378 945 89 118 333 
772 25 451 326 272 1033 425 287 353 939 87 122 334 
773 24 451 326 271 1033 424 288 355 920 81 141 346 
774 31 413 368 359 1033 424 287 354 902 79 155 351 
775 1031 424 291 355 31 413 368 359 900 80 143 351 
776 31 412 369 360 1032 425 289 354 900 78 134 354 
777 30 413 370 359 1032 425 289 354 896 82 139 355 
778 14 440 451 405 24 453 327 270 1030 426 293 353 898 79 133 364 
779 13 439 449 406 24 454 327 269 1028 425 297 355 882 76 140 358 
780 14 439 449 408 26 453 324 271 1028 426 296 353 885 76 134 359 
781 14 439 447 407 26 453 324 271 1029 424 294 354 885 80 130 352 
782 15 439 446 409 26 452 324 273 1029 425 294 352 881 79 133 355 
783 26 453 323 271 879 80 130 353 1030 426 291 349 
784 879 84 121 346 26 453 323 271 1031 426 286 348 
785 14 439 445 410 878 87 118 345 25 453 323 271 1031 426 284 349 
786 14 440 444 409 25 453 323 272 1031 428 281 347 
787 14 441 440 408 25 453 322 272 1032 431 276 341 
788 14 442 437 407 25 453 321 272 1032 438 275 332 
789 14 442 436 407 24 453 322 272 1030 444 286 352 
790 14 442 438 408 25 453 322 272 1032 439 272 313 
791 13 441 438 409 25 453 322 273 1033 440 271 312 
792 14 442 438 408 26 453 320 273 1033 440 272 310 
793 14 442 437 407 27 453 320 273 1035 441 269 309 
794 14 442 433 405 26 453 321 274 1034 442 271 310 
795 14 443 434 405 27 453 320 272 1032 443 274 307 
796 14 442 435 405 27 453 321 272 1032 444 276 305 
797 14 442 435 404 27 454 321 272 1032 440 277 309 
798 14 441 434 406 27 452 321 274 1034 436 277 334 
799 14 441 437 408 27 452 321 274 1034 434 279 336 
800 34 413 356 363 1032 433 285 337 
801 16 437 423 413 28 450 318 276 1057 432 273 342 
802 15 435 426 416 28 449 317 276 1057 430 273 345 
803 16 436 426 414 28 449 316 276 1056 430 275 345 
804 33 413 359 362 1055 431 277 344 
805 16 435 429 414 782 96 112 476 29 450 315 274 1055 431 278 344 
806 779 92 112 477 33 413 358 361 1032 429 284 345 
807 778 89 113 484 33 413 357 361 1034 429 280 345 
808 774 93 116 478 33 413 358 361 